5.45068785635
-2.68007834102e-15
2.68008551706e-15
-2.325526585e-11
5773502.6919
5773502.6919
1.94894059224e-09
-1.32691355555e-11
5.87081231835e-10
5.87081150188e-10
1.94894059243e-09
7.2535651408e-09
0.952149686997
4.69999998003
0.186121047733
-1.71815905352
0.0253182435363
0.628238702376
0.0132855065542
2.12130497354
0.068152142197
0.000803827844349
0.101916948478
2.27486640973e-06
0.21224017337
0.635050725209
2.69999997941
0.0391570054475
0.13376668646
-0.214444134444
0.027178339862
0.0202140538214
0.13763570133
0.00109315012135
-0.0183151924656
-0.00784192029859
2.5234647464e-08
0.287687999756
0.728994765087
2.69999998033
-0.111303484529
-0.813908955513
-0.116666478391
0.254631242637
0.00985216822807
0.254461859307
-0.0345237567978
-0.000430956767154
-0.0361724128084
1.3479809546e-08
0.0975181248173
0.904571252845
2.59999998034
0.0164478792595
-0.053191675359
-0.369996626733
0.122228508163
0.208951992114
0.00925783704598
0.033921024871
-0.0182357459005
-0.0338827084248
3.07949744775e-09
0.0265224324233
0.510776087759
1.99999998857
-0.00402298938392
-0.321064370559
0.0584320291389
0.105379407031
0.00261789665141
0.0641915404812
0.00621393099065
-0.0255545496126
0.00600212058702
3.70634390064e-10
0.102323387366
0.235047236464
0.899999988376
0.00077381692532
0.0127150143104
-0.0958720130252
0.0166107835825
0.0173113208649
0.00145238208074
-0.00425340455418
-0.00227645829924
0.00170448454031
1.37879240655e-11
0.0606631299747
0.363262205608
