8.004965538119719615e-02
5.354746482029660859e-01
1.299748815685878744e+00
3.422661617875953244e+00
-1.461175960128316964e-01
3.480349271691006441e-02
-5.004840953475959975e-02
3.330211026954729814e+00
-1.254952217633821532e-01
-8.014256672323430308e+00
7.491748485757186993e-01
1.166172416421247027e+00
-1.112390900619883161e-01
1.515121620650267675e-01
-1.851891445761285337e-01
-9.719929512016849127e-02
9.957637805506658335e-02
3.785625811996647799e-02
7.034675459796861652e-02
1.087155701482268874e-06
3.979485562111773761e-02
7.042549499076016239e-01
1.933965745352536958e+00
7.094855451400253199e-02
-3.297957431561897301e-02
-4.611517124268141310e-02
1.733775215119395696e+00
1.653508173228039483e-03
-3.429887934841535202e+00
1.104284268371322154e-06
1.678151970983367481e-06
5.962740259022561995e-01
-7.730832352378816386e-02
3.380810729120643093e-02
3.630039337684767831e-02
-6.673541925195158875e-02
1.561818328350791929e-02
-9.008739137223125207e-03
-2.787843716583289586e-03
9.817011244894286703e-07
1.738237999578263748e-01
3.607370298141298615e-01
1.371408612241722114e-01
8.892029043419681991e-03
-8.989333796705351173e-04
-8.151559577503823470e-03
1.522474431388275706e-01
5.343674208214688193e-03
-5.955991140509272475e-01
9.825053983327477977e-07
5.244567319679050571e-02
3.227343401765227493e-01
5.775630659120092880e-02
-3.222652876205504965e-04
-3.622902320422031336e-02
-2.562205641302077799e-02
2.726588212995632171e-02
-2.108517711241023398e-02
1.414449949455585769e-02
9.781324242331014450e-07
2.363937909938682580e-01
2.831403901574010007e-01
