1.713129357581468781e-01
3.247893343668888377e-01
1.217802050996879659e+00
3.467428699735981112e+00
-2.964085453639810908e-01
2.140077916562797000e-01
3.785550069142393781e-01
3.460559644738751217e+00
-7.806327012568181622e-02
-7.966345996391897444e+00
1.234412475995320335e+00
9.628803674003418855e-01
-3.100866126565566816e-01
9.536481345213787542e-02
-3.304099525917161273e-01
-9.564325960044062214e-02
1.439681832678729734e-02
-5.404542621841645911e-03
8.240820357944300678e-02
-4.840078220481158766e-02
7.249870216987286398e-02
7.195622462822044429e-01
1.659983779367614432e+00
1.340112334063319199e-01
-3.757899699674793759e-02
-1.140915722611831606e-01
1.538993062994437722e+00
-2.516514084485588221e-02
-3.472112320960572429e+00
-6.132120738745985289e-01
3.774713087201294615e-01
4.272652017597483587e-01
1.019598204227484262e-01
8.334406565558075131e-02
1.485146917214912043e-02
-2.712318587984607898e-02
1.033461386598244491e-02
-7.706899548225856766e-03
-1.055282929732061226e-02
6.713668478054435340e-04
1.039249746109053296e-01
3.384361056607219087e-01
2.081856623704740894e-01
-3.578853678236265656e-03
-3.451802164072662743e-02
5.007663733942249035e-02
1.943125464476864739e-01
2.296542093292178871e-02
-6.255254861108656694e-01
-1.554145727522077691e-01
4.921859077737982674e-02
4.088633594702280050e-01
-2.723529796105706238e-02
-1.513903499470304302e-02
9.175134351791503634e-03
-1.936349112508992457e-02
3.624804523896796304e-05
-7.913966801328737449e-03
2.512854428073333854e-02
-1.687425826119777483e-02
1.867920206148712681e-01
2.806161650133324748e-01
