2.262028154722433293e-01
3.247893375942222383e-01
1.217802051864619983e+00
3.472152364857337137e+00
-2.656209927359224343e-01
2.007200923582440344e-01
3.352522111062880006e-01
3.469904242464594279e+00
-7.806327966840058419e-02
-7.966345993463661124e+00
1.234412476851413309e+00
9.628803684970380639e-01
-2.975558664906245987e-01
1.041434725845679088e-01
-2.560505268155589542e-01
-6.959628084959912364e-02
1.247119752032664342e-01
-3.793678253553548624e-02
7.101264987570048148e-02
9.961399510851880681e-07
7.249871642931755844e-02
7.195622477479192147e-01
1.670950773707508663e+00
6.407988957746324488e-02
-5.003058573322267943e-02
-7.342591668578668518e-02
1.543112788382545730e+00
7.008262087984793408e-03
-3.459555697021443166e+00
9.957068269505988595e-07
3.774713115011943954e-01
4.272652042194549638e-01
1.058388643934689843e-01
7.015799432930218404e-02
2.361362160601992305e-03
-5.986755549538975811e-03
2.159987569317546596e-02
-5.485817211110027500e-03
-8.902184847639752277e-03
6.711593325879620020e-04
1.039249845710367992e-01
3.384361087592325790e-01
2.084979805793180097e-01
-5.948709279792206706e-03
-3.287076328167898298e-02
3.629836552335381772e-02
1.978555009121922281e-01
2.320930586559110873e-02
-6.244643201270203559e-01
9.958161747830822483e-07
4.921861185012979534e-02
4.088633620396496249e-01
-2.505747723589547490e-02
-1.455139053634644380e-02
6.252540033108541957e-03
-1.290184231084708262e-02
8.191745713046642841e-03
-7.393293475545766394e-03
2.379524676467608887e-02
9.970175308437307929e-07
1.867920261905511303e-01
2.806161687427805584e-01
