6.842892854526651247e-02
6.261520451624058570e-01
1.242457154870599823e+00
3.424812057167275547e+00
-1.440657953798531454e-01
1.648897645593361966e-02
-4.391095482869034061e-02
3.273465665871130525e+00
-1.296024748597082721e-01
-8.017830727153189230e+00
8.468865334916927390e-01
1.100842063497717405e+00
-1.073181458312931769e-01
1.399088495953939582e-01
-1.746098085222322349e-01
-8.008380895584946146e-02
1.026477388988889794e-01
4.013535975108165066e-02
6.974568271962369725e-02
1.019469624013548790e-06
3.358387050580754346e-02
6.924173047842306916e-01
1.957217213399829570e+00
7.286531212243982369e-02
-2.352049728797453790e-02
-2.245345791847386252e-02
1.756136552551367691e+00
2.428066364864475430e-03
-3.427896272715354353e+00
1.015341277805944608e-06
1.139922677313920021e-06
5.875776465277724459e-01
-7.503137746278952525e-02
3.343427658034898997e-02
2.917728171988483513e-02
-6.046132878206577493e-02
1.737727265612935834e-02
-9.275091825925443553e-03
-2.271523889675142269e-03
9.999141202922758402e-07
1.768382567718736753e-01
3.581950136423616704e-01
1.357723452374403061e-01
6.372382397102630512e-03
-2.142060041650455972e-03
-6.398547940654944650e-03
1.529192594112171177e-01
4.852639113949860569e-03
-5.956652183418347235e-01
1.000118940643264406e-06
5.521790753195456036e-02
3.215364079287857946e-01
5.677898113608741137e-02
-3.420152558299741595e-04
-3.572687325495925437e-02
-2.555623083071201923e-02
2.699498550273680963e-02
-2.093552271140167870e-02
1.419488490663728918e-02
9.994158547544469856e-07
2.357689930629051078e-01
2.831778728270766265e-01
