1.270591733197949935e-01
6.094986344671484702e-01
1.238279711413728279e+00
3.366561790708043844e+00
-1.604292350795244460e-01
4.654323328532194992e-02
-4.829222553592105172e-02
3.318710222428165935e+00
-1.171314514875185786e-01
-8.009140133682882023e+00
8.444411966769895805e-01
1.079642394078285328e+00
-1.082666962386842346e-01
1.389916848137833227e-01
-2.142827936796347643e-01
-1.440406590004625897e-01
4.273705306114417013e-02
2.873855166353633805e-02
7.202453398932917583e-02
-4.505815127010004417e-02
7.411730869566302005e-02
6.995657982054521717e-01
1.943328092543159968e+00
8.789696415705339216e-02
-1.055642929760899906e-02
-8.379610613587740175e-02
1.726723331786348403e+00
-3.784420354812523257e-03
-3.431555287882722904e+00
-1.479117022053622055e-01
-4.574149196687737895e-02
6.181241093287529464e-01
-8.126671335403501395e-02
3.885319490520858232e-02
4.945790505655950353e-02
-8.490280732800759012e-02
2.023593164446724213e-03
-5.531707661952212085e-03
-3.028052253086783996e-03
-4.988902580656295882e-02
1.702127122104031554e-01
3.604202242621575847e-01
1.807093125390174526e-01
2.068498428256884680e-02
7.339328998093613832e-03
-1.808250326802920971e-02
1.572160718927697598e-01
2.348021916045689439e-03
-5.993894643346646678e-01
-3.590680056601354420e-02
8.720500849228152163e-03
3.512653537233002554e-01
5.414690890907070814e-02
1.071243867320741984e-02
-4.166164554791675079e-02
-2.116057520169041528e-02
5.076920958695017860e-02
-2.435636415474355665e-02
1.261367341868783673e-02
-8.231297554619898538e-02
2.584666110486301127e-01
2.805092584175866710e-01
