1.116111371424459986e-01
3.180296869731130819e-10
9.491256896023938516e-01
2.465499688339248152e+00
1.476895406210738393e-01
4.976369827398770956e-02
2.378714288846691671e-01
1.803122948509377599e+00
7.460418012617551879e-03
-6.609795523847289189e+00
4.094496365040878327e-01
6.498765403630250015e-01
-5.560931019188147676e-04
-2.223746190364107693e-03
3.008321794592159690e-02
2.475458980789514707e-02
3.704739188493430362e-03
6.843494419465413758e-02
-1.995658459854752782e-03
8.710913083290079684e-02
2.367303662869918446e-01
6.541232488708987880e-01
1.143091977738411202e+00
-4.365480558075669759e-02
6.374555335516061613e-03
-2.436185747334010734e-02
1.174900509378160818e+00
-1.039866185305513419e-01
-2.688432227484147674e+00
1.486138030755905780e-10
1.964806112920210734e-01
8.558794253883745817e-01
6.399573299868470400e-02
3.866296147174291126e-02
1.376955622389602028e-02
6.713745782825795635e-03
3.944219158015348746e-03
3.188851144978721661e-03
2.689888872386049165e-02
1.275097874828885758e-01
1.366118397734699656e-09
3.957274613035831057e-01
1.382776031255255333e-01
5.909132753335166049e-03
-6.154444633775430808e-03
9.693887799433831623e-03
1.692229297888088457e-01
2.597498974812431638e-02
-5.004191747314349348e-01
5.577223409391528413e-10
2.024941906515956291e-01
1.945775180152686801e-01
-2.971210167258852425e-02
1.722747095058423323e-03
4.624949264930625884e-04
1.075006160781314356e-02
2.512411265153410497e-03
2.698608334702073150e-04
2.598563623536280509e-02
3.682356882307061992e-09
1.759746733123794602e-09
4.869376542964173327e-01
