5.773502691896257922e+06
1.819319712078057797e-11
-6.750415397441489166e-12
5.773502691896257922e+06
-6.750415397265521839e-12
7.152510826669011834e-09
2.161370113661134764e-11
-2.161370113617066717e-11
3.729632466607794775e-11
7.745966692414833233e+06
7.152510821392932941e-09
9.644744662669922304e-09
9.689431886206570921e-01
6.800104943093525645e-01
1.639449807582207541e-01
2.091617068793029041e-02
5.163660891611270010e-02
8.159501633663611420e-02
4.845305964787380848e-01
4.312027981615705607e-02
-1.829493881324064652e+00
2.756599002162814505e-01
7.745974905798166059e+06
3.308492391643293352e-07
3.167182718162910859e-01
5.410936153373011592e-01
1.451815379973431118e+06
1.506777798154703557e-02
2.160783413971846881e-02
1.451815306236052420e+06
-6.994518074979089693e-03
2.218128152534436237e-02
3.977493030667095253e-02
9.815102112910414900e-02
-3.318436069268119987e+06
7.584999810530821793e+06
4.928890296228580279e-08
3.686323347296036057e-01
6.732745810481884918e-01
1.634339421569342976e-01
-4.718044490357594517e-02
2.389564056619909119e-03
3.639763600688957629e-02
-5.650255052076089135e-02
1.936351469698570638e-01
-1.093964848935280593e-01
-4.327813075570654533e-01
-8.968755608464569484e-02
1.222009003158029516e+00
1.504518959818762175e-08
3.762142927922890179e-02
9.385034826650400230e-01
1.614485005729095479e-01
3.841234680198706009e-02
-1.691184689409519840e-02
2.511136895852230100e-01
-4.051482903791383400e-02
9.934837079686472880e-03
1.604723026225416890e-02
-6.290731450297019911e-02
-4.570430428476208728e-01
2.238883085578788901e+00
4.746145028355758690e-09
1.151563186616601057e-02
5.152215779989048894e-01
1.059597546844332216e-01
7.328074947253788605e-04
-3.257423487661946504e-02
1.504818640077909509e-03
6.885754571558912185e-03
5.536275646775889320e-02
-5.789055517005753729e-03
-3.602070182247641972e-01
6.982716913575837125e-02
3.324843972245590251e+00
4.909587795428775275e-10
9.979295801771086161e-02
2.472516920534861551e-01
4.013286148904121609e-02
-4.383660135243420790e-03
-2.739633274539444996e-03
4.095315532456587221e-02
1.454394895369409387e-03
1.068873214921837620e-03
8.586146953007898737e-04
1.271825217546609932e-02
-1.692975703307445789e-01
1.033966035620120572e+00
8.387719932888321564e-11
5.999485646050976839e-02
3.634692706366557391e-01
