5.773502691896257922e+06
-1.408755013668368559e-11
-2.681222926852913185e-09
5.773502691896257922e+06
-2.681222156786960920e-09
2.906856838569282786e-10
-2.278820250288151543e-09
2.278820250288151543e-09
-1.173047533407634917e-11
7.745966692414833233e+06
2.906856754008598651e-10
3.180296869731130819e-10
9.491256896023938516e-01
1.342189613779575463e+00
1.476895406210738393e-01
4.976369827398770956e-02
1.116111365610746448e-01
2.378714288846691671e-01
5.682017358517628125e-01
7.460418012617551879e-03
-3.646155127762590542e+00
1.483098069766405791e+00
7.745982393295728602e+06
1.740353707181142880e-09
4.094496365040878327e-01
6.498765403630250015e-01
1.451815272459041327e+06
-2.223746190364107693e-03
3.008321794592159690e-02
1.451815276698423317e+06
2.475458980789514707e-02
2.145044489904567031e-05
6.843494419465413758e-02
5.734467605421038339e-02
-3.318435059131167363e+06
7.584994770197940059e+06
8.710913083290079684e-02
2.367303662869918446e-01
6.541232488708987880e-01
6.976001068958916917e-01
-4.365480558075669759e-02
6.374555335516061613e-03
3.683288743594384691e-03
-2.436185747334010734e-02
7.257253497920469476e-01
-1.039866185305513419e-01
-1.647366088123681793e+00
-5.934033451406513920e-02
3.907705927736732754e+00
1.486138030755905780e-10
1.964806112920210734e-01
8.558794253883745817e-01
8.125773508613656770e-02
3.866296147174291126e-02
1.376955622389602028e-02
1.857931203236676265e-02
6.713745782825795635e-03
2.626909213100447199e-03
3.188851144978721661e-03
-2.735375361333797911e-03
2.802581981951313399e-03
7.201765713350624654e-02
1.275097874828885758e-01
1.366118397734699656e-09
3.957274613035831057e-01
8.437842942227695431e-02
5.909132753335166049e-03
-6.154444633775430808e-03
1.317309944914901764e-03
9.693887799433831623e-03
1.140064461406453677e-01
2.597498974812431638e-02
-3.382007168097551641e-01
2.963426408519428956e-02
1.382639839186035280e+00
5.577223409391528413e-10
2.024941906515956291e-01
1.945775180152686801e-01
1.675426783398970693e-02
1.722747095058423323e-03
4.624949264930625884e-04
4.646636950657823117e-02
1.075006160781314356e-02
2.512411265153410497e-03
2.698608334702073150e-04
2.598563623536280509e-02
-1.304576080429673268e-01
1.062345067022312239e+00
3.682356882307061992e-09
1.759746733123794602e-09
4.869376542964173327e-01
