-1.903511764976126841e-01
-2.760006568658215365e-01
9.491256894929310794e-01
2.462808838576405090e+00
2.044449641269547868e-01
2.647499642848982759e-02
4.834741736681276159e-01
1.752733322579281605e+00
7.460387511475485844e-03
-6.609795526739487670e+00
4.094496362504065345e-01
6.498765402031698724e-01
-4.654249949092736927e-02
-3.675696630746672078e-02
1.056977724590679735e-01
3.413610003562306261e-02
-1.752560869656289988e-01
3.535358121495868478e-02
-6.100065905700668978e-03
8.710912964219985621e-02
2.367303658483641549e-01
6.541232487120822725e-01
1.093913683999322650e+00
1.433260561684934764e-02
3.251041784688635250e-02
-3.248139692345497487e-02
1.171344309465901290e+00
-1.383730953759356452e-01
-2.734314423821258444e+00
-5.906337990382778402e-01
1.964806107636183352e-01
8.558794252669877922e-01
5.590349895642277023e-02
7.410517148440537438e-02
9.858297291231943316e-03
4.765214649503679567e-02
-4.143097749779306449e-02
9.662191924129336085e-03
2.599975230041735863e-02
1.275097866690290127e-01
-6.414716258445973818e-02
3.957274610411106730e-01
1.331207623984247412e-01
3.374196115439849486e-02
-1.023947735000746775e-02
2.242600090165106780e-02
1.683461096935843226e-01
2.092750493327127231e-02
-5.025751317842883648e-01
-1.573819299916958403e-01
2.024941901388713217e-01
1.945775174817026554e-01
-3.414387659448026024e-02
2.154925976138285897e-03
7.495815530382211531e-04
2.355523796350721816e-02
-2.330862486886463650e-02
2.591096676253167811e-04
2.589325665677923854e-02
-2.376725155641050760e-02
-4.981090924798588226e-02
4.869376540830911426e-01
