-1.976723316229938021e-01
-4.080170485081502374e-01
1.154814826596561206e+00
2.435568195711241390e+00
2.688079043296345283e-01
-5.790960248643295394e-02
2.699785974749339124e-01
1.588188292359255627e+00
7.179351033295588991e-03
-6.638657173633059294e+00
4.898208366786227508e-01
5.214848617000074071e-01
7.870233818825522754e-02
-3.340141900669149622e-02
1.292592323852340686e-01
-5.870671503708857486e-02
-3.123349175253586907e-03
5.899207444033383041e-02
-1.008788983377117976e-02
1.387680886164066596e-02
3.709203956364088839e-01
6.684731647297146306e-01
1.106074521665918464e+00
-9.623261832904239643e-03
-1.796976403904632091e-02
-3.933982882364304989e-02
1.156355802672580424e+00
-1.226637791416650414e-01
-2.701518464526339702e+00
-3.305453811490826621e-01
9.004559081378993302e-02
9.104905793917744683e-01
-7.443780129139621060e-02
4.612002904677536819e-02
-4.714939168328645402e-02
-5.630104601707660444e-02
-1.209380257560099814e-02
1.107988660799642811e-02
5.622440429419071732e-03
-7.678032856346495016e-03
-5.773374171988560066e-03
5.293086912127308308e-01
1.432796712605563516e-01
1.202795335433393467e-02
-3.625689142582209229e-02
1.971517538730205299e-03
1.132649739679676415e-01
-6.154888602933686337e-03
-4.822507781199831256e-01
-1.077342700434463230e-01
1.177078226150319873e-01
2.359338048805244559e-01
-1.831438330659336186e-03
-3.780751983407117187e-03
-2.616714144327829221e-03
3.126514498989738794e-03
3.974634866091859148e-03
4.521316247869277454e-04
1.311584235260912154e-02
-1.843076628252603155e-02
6.521195429963246026e-02
3.612176471286094315e-01
