2.877655085476246966e-17
2.013789986038313844e-16
1.890506613408973257e-16
1.709391211042820409e-16
5.102556097577432161e-17
-8.776240646291283420e-02
-3.034743603207733096e-17
-7.048107726708773965e-16
1.350219305806662345e-16
-1.050964197834080331e-16
-8.776240646291311176e-02
7.253565776361365687e-09
9.521496869974372945e-01
-2.765727298408640067e-01
6.815214219700449494e-02
8.038278443486909135e-04
1.888103233779511170e-01
1.019169484775809403e-01
5.204854996835077685e-01
1.861210477325187518e-01
-1.893136316919158180e+00
1.459468842326325507e-16
-3.136924956691742578e-16
5.204854996835081016e-01
2.122401733700098880e-01
6.350507252089382382e-01
8.224921892057013295e-02
1.093150121353122627e-03
-1.831519246560471895e-02
1.616635509220735178e-01
-7.841920298590614527e-03
5.125708328810363312e-02
3.915700544754447537e-02
8.550104034675265474e-03
2.106559990531472693e+00
8.749335672548256282e-01
2.523464778198653168e-08
2.876879997555510382e-01
7.289947650871618778e-01
3.727551593849104394e-02
-3.452375679778162121e-02
-4.309567671536743789e-04
9.623078627018238906e-02
-3.617241280838762174e-02
-4.927248543321788299e-02
-1.113034845286933056e-01
-6.507419593349774711e-01
8.550104034675258535e-03
8.749335672548256282e-01
1.347981001725669116e-08
9.751812481734470350e-02
9.045712528448135448e-01
-4.040497235355666739e-02
3.392102487103434288e-02
-1.823574590045492702e-02
2.840800285882977283e-02
-3.388270842481315437e-02
2.716834578495147534e-02
1.644787925947709811e-02
2.620176889932040488e-03
6.408444595018281120e-01
1.141323266139916637e+00
3.079497363953118679e-09
2.652243242330846670e-02
5.107760877590227233e-01
2.055985518951752855e-03
6.213930990648773404e-03
-2.555454961262039124e-02
-1.529261208755727797e-02
6.002120587023392247e-03
-2.122137229146676268e-02
-4.022989383920833745e-03
-8.173257881888001952e-02
2.620176889932040488e-03
1.141323266139916637e+00
3.706343900641497741e-10
1.023233873664273902e-01
2.350472364644010936e-01
-9.932962027425454310e-03
-4.253404554176063238e-03
-2.276458299241892417e-03
-9.232424745089021223e-03
1.704484540313766852e-03
1.452382080738817000e-03
7.738169253202030343e-04
1.271501431035578292e-02
7.117245070722412470e-02
1.162385933957137629e+00
1.378792406549791418e-11
6.066312997470384161e-02
3.632622056080661577e-01
