5.773502691896257922e+06
-1.326913555552988819e-11
5.870812318350579019e-10
5.773502691896257922e+06
5.870811501881964705e-10
1.948940592244596814e-09
-2.680078341021059213e-15
2.680085517060035854e-15
-2.325526584996818076e-11
5.450687856354878846e+00
1.948940592430844801e-09
7.253565140802499681e-09
9.521496869974355182e-01
6.282387023757047828e-01
6.815214219700535536e-02
8.038278443486928651e-04
1.328550655424791394e-02
1.019169484775804130e-01
2.121304973540877548e+00
1.861210477325187518e-01
-1.718159053520324164e+00
2.531824353626244833e-02
4.699999980027143920e+00
2.274866409731965253e-06
2.122401733700097493e-01
6.350507252089385712e-01
2.717833986201776200e-02
1.093150121352764407e-03
-1.831519246560499997e-02
2.021405382140679247e-02
-7.841920298591114127e-03
1.376357013302172694e-01
3.915700544754451701e-02
1.337666864599111605e-01
-2.144441344436019969e-01
2.699999979410898199e+00
2.523464746403135051e-08
2.876879997555509827e-01
7.289947650871618778e-01
2.546312426367930426e-01
-3.452375679778166978e-02
-4.309567671536689037e-04
9.852168228070307121e-03
-3.617241280838743439e-02
2.544618593071980017e-01
-1.113034845286934582e-01
-8.139089555130092357e-01
-1.166664783905599911e-01
2.699999980334385263e+00
1.347980954600441186e-08
9.751812481734460636e-02
9.045712528448137668e-01
1.222285081625007763e-01
3.392102487103453023e-02
-1.823574590045488192e-02
2.089519921138568159e-01
-3.388270842481280742e-02
9.257837045980467361e-03
1.644787925947719526e-02
-5.319167535899540361e-02
-3.699966267333347214e-01
2.599999980339360750e+00
3.079497447748602948e-09
2.652243242330864711e-02
5.107760877590226123e-01
1.053794070305787978e-01
6.213930990648810701e-03
-2.555454961262029062e-02
2.617896651413127631e-03
6.002120587023479850e-03
6.419154048119024569e-02
-4.022989383920869307e-03
-3.210643705587750141e-01
5.843202913885943428e-02
1.999999988568779363e+00
3.706343900641497741e-10
1.023233873664273902e-01
2.350472364644010936e-01
1.661078358253812240e-02
-4.253404554176063238e-03
-2.276458299241892417e-03
1.731132086487455896e-02
1.704484540313766852e-03
1.452382080738817000e-03
7.738169253202030343e-04
1.271501431035578292e-02
-9.587201302518376378e-02
8.999999883764234765e-01
1.378792406549791418e-11
6.066312997470384161e-02
3.632622056080661577e-01
