5.163662322113434650e-02
9.644744662669922304e-09
9.689431886206570921e-01
2.240724602104813279e+00
1.639449807582207541e-01
2.091617068793029041e-02
8.159501633663611420e-02
2.096881644142529755e+00
4.312027981615705607e-02
-6.598452663309536170e+00
3.167182718162910859e-01
5.410936153373011592e-01
1.101350146770111449e-01
1.506777798154703557e-02
2.160783413971846881e-02
-6.994518074979089693e-03
5.857891753223393866e-02
3.977493030667095253e-02
8.463465044458448952e-03
4.928890296228580279e-08
3.686323347296036057e-01
6.732745810481884918e-01
1.123728200817396106e+00
-4.718044490357594517e-02
2.389564056619909119e-03
-5.650255052076089135e-02
1.190327041637208483e+00
-1.093964848935280593e-01
-2.697286665755300739e+00
1.504518959818762175e-08
3.762142927922890179e-02
9.385034826650400230e-01
-8.816037037223557749e-02
3.841234680198706009e-02
-1.691184689409519840e-02
-4.051482903791383400e-02
1.143965571976438174e-02
1.604723026225416890e-02
6.919854632788171277e-03
4.746145028355758690e-09
1.151563186616601057e-02
5.152215779989048894e-01
1.306034107117569620e-01
7.328074947253788605e-04
-3.257423487661946504e-02
6.885754571558912185e-03
8.151123113516055285e-02
-5.789055517005753729e-03
-4.757670907073628941e-01
4.909587795428775275e-10
9.979295801771086161e-02
2.472516920534861551e-01
-8.202938355246538462e-04
-4.383660135243420790e-03
-2.739633274539444996e-03
1.454394895369409387e-03
1.068873214921837620e-03
8.586146953007898737e-04
1.271825217546609932e-02
8.387719932888321564e-11
5.999485646050976839e-02
3.634692706366557391e-01
