1.328551045212909842e-02
7.253565140802499681e-09
9.521496869974355182e-01
2.533856741123706069e+00
6.815214219700535536e-02
8.038278443486928651e-04
1.019169484775804130e-01
4.040210793709536397e+00
1.861210477325187518e-01
-6.272464882777279982e+00
2.122401733700097493e-01
6.350507252089385712e-01
1.681645426868127666e-02
1.093150121352764407e-03
-1.831519246560499997e-02
-7.841920298591114127e-03
1.474878695582875765e-01
3.915700544754451701e-02
1.710020806935116239e-02
2.523464746403135051e-08
2.876879997555509827e-01
7.289947650871618778e-01
1.084343217199279952e+00
-3.452375679778166978e-02
-4.309567671536689037e-04
-3.617241280838743439e-02
1.094026002097755246e+00
-1.113034845286934582e-01
-2.712662311159556694e+00
1.347980954600441186e-08
9.751812481734460636e-02
9.045712528448137668e-01
-8.410558729994291327e-02
3.392102487103453023e-02
-1.823574590045488192e-02
-3.388270842481280742e-02
1.187573369739359543e-02
1.644787925947719526e-02
5.240353779864028935e-03
3.079497447748602948e-09
2.652243242330864711e-02
5.107760877590226123e-01
1.355575761849316108e-01
6.213930990648810701e-03
-2.555454961262029062e-02
6.002120587023479850e-03
9.698760628695618502e-02
-4.022989383920869307e-03
-4.731423543312959223e-01
3.706343900641497741e-10
1.023233873664273902e-01
2.350472364644010936e-01
-7.005372823364365564e-04
-4.253404554176063238e-03
-2.276458299241892417e-03
1.704484540313766852e-03
1.452382080738817000e-03
7.738169253202030343e-04
1.271501431035578292e-02
1.378792406549791418e-11
6.066312997470384161e-02
3.632622056080661577e-01
